>GimmeMotifs_1
0.7320	0.0000	0.0670	0.2010
0.7010	0.1650	0.0000	0.1340
0.7061	0.0619	0.1031	0.1289
0.3247	0.3608	0.0979	0.2165
0.9897	0.0000	0.0103	0.0000
0.3247	0.1392	0.3041	0.2320
0.7320	0.0876	0.0000	0.1804
0.6134	0.1546	0.0000	0.2320
0.6752	0.0000	0.1392	0.1856
0.4897	0.3557	0.1340	0.0206
0.8350	0.0000	0.0000	0.1650
0.5360	0.2062	0.1186	0.1392
0.8660	0.0000	0.0309	0.1031
0.3505	0.1598	0.1134	0.3763
0.7371	0.1650	0.0103	0.0876
0.5516	0.2938	0.0000	0.1546
0.8144	0.0000	0.0000	0.1856
0.5206	0.1753	0.0309	0.2732
0.4381	0.2783	0.0928	0.1907
0.3144	0.4124	0.0000	0.2732
>GimmeMotifs_2
0.0000	1.0000	0.0000	0.0000
1.0000	0.0000	0.0000	0.0000
0.0000	0.1459	0.5709	0.2831
0.7204	0.2796	0.0000	0.0000
0.0000	0.0509	0.0021	0.9470
0.0911	0.0000	0.7686	0.1403
