>GimmeMotifs_1
0.2976	0.2422	0.3253	0.1349
0.3945	0.1176	0.2664	0.2215
0.2941	0.1903	0.2734	0.2422
0.4360	0.1696	0.3253	0.0692
0.3183	0.3564	0.3253	0.0000
0.0173	0.9827	0.0000	0.0000
0.9861	0.0000	0.0000	0.0138
0.0208	0.0450	0.5709	0.3633
0.4360	0.4775	0.0865	0.0000
0.0346	0.0000	0.0000	0.9654
0.0000	0.0000	0.8858	0.1142
0.0415	0.1972	0.4429	0.3183
>GimmeMotifs_2
0.2121	0.7019	0.0743	0.0117
0.8734	0.0010	0.0010	0.1246
0.0064	0.0274	0.5826	0.3837
0.2478	0.5934	0.0547	0.1041
0.2532	0.0249	0.0010	0.7209
0.0010	0.0010	0.6124	0.3856
0.0616	0.3571	0.2389	0.3425
0.0010	0.0474	0.0518	0.8998
0.0611	0.0694	0.4726	0.3969
0.0591	0.1173	0.1486	0.6750
0.0249	0.2107	0.1843	0.5802
0.1510	0.1975	0.1452	0.5064
>GimmeMotifs_3
0.8749	0.0313	0.0938	0.0000
0.5937	0.0313	0.3437	0.0313
0.7812	0.1875	0.0313	0.0000
0.1250	0.4375	0.1875	0.2500
0.5625	0.1250	0.3125	0.0000
0.8749	0.0313	0.0938	0.0000
0.0000	0.9999	0.0000	0.0000
0.9999	0.0000	0.0000	0.0000
0.0000	0.0313	0.9687	0.0000
0.4375	0.1563	0.1250	0.2812
0.0938	0.2500	0.0313	0.6250
0.0000	0.0000	0.3125	0.6874
0.1250	0.0000	0.8749	0.0000
0.0000	0.3437	0.2500	0.4062
>GimmeMotifs_4
0.0545	0.0011	0.0087	0.9357
0.0613	0.0079	0.8131	0.1176
0.0973	0.0522	0.0549	0.7956
0.0397	0.0241	0.3191	0.6171
0.1013	0.0636	0.0931	0.7420
0.5406	0.0694	0.2011	0.1890
0.1478	0.6722	0.0622	0.1178
0.8930	0.0281	0.0126	0.0663
0.4696	0.4998	0.0130	0.0177
0.7708	0.0139	0.0850	0.1303
>GimmeMotifs_5
0.3322	0.1661	0.2734	0.2284
0.4775	0.2422	0.1488	0.1315
0.3945	0.1626	0.1903	0.2526
0.4014	0.2872	0.1765	0.1349
0.3702	0.3356	0.1003	0.1938
0.5190	0.1176	0.1696	0.1938
0.2734	0.3045	0.2561	0.1661
0.3633	0.5294	0.1073	0.0000
0.5571	0.0000	0.0692	0.3737
0.0657	0.0138	0.3875	0.5329
0.1038	0.7059	0.0346	0.1557
0.0104	0.0000	0.0000	0.9896
0.0000	0.0000	0.9481	0.0519
0.0519	0.1696	0.1384	0.6401
0.0000	0.2284	0.2111	0.5605
0.1696	0.2457	0.0692	0.5156
>GimmeMotifs_6
0.1487	0.0000	0.3513	0.5000
0.0000	0.6757	0.0000	0.3243
0.0000	0.0000	0.0000	1.0000
0.0000	0.0000	1.0000	0.0000
0.2568	0.0000	0.5676	0.1757
0.0000	1.0000	0.0000	0.0000
0.9594	0.0000	0.0000	0.0406
0.1081	0.0000	0.3108	0.5811
0.0473	0.2770	0.3851	0.2905
0.0473	0.3311	0.0473	0.5743
>GimmeMotifs_7
0.1429	0.0000	0.6190	0.2381
0.0000	0.1429	0.8570	0.0000
0.0000	0.9522	0.0477	0.0000
0.0000	0.0000	0.0000	0.9999
0.0000	0.1429	0.6190	0.2381
0.1429	0.0477	0.4761	0.3333
0.0000	0.5238	0.4761	0.0000
0.5238	0.0000	0.0000	0.4761
0.0477	0.1429	0.7618	0.0477
0.2857	0.0953	0.4285	0.1905
0.0477	0.7142	0.2381	0.0000
0.9999	0.0000	0.0000	0.0000
0.0000	0.0000	0.9999	0.0000
0.2381	0.6190	0.0477	0.0953
>GimmeMotifs_8
0.4791	0.0000	0.1042	0.4167
0.0000	0.3333	0.6666	0.0000
0.9999	0.0000	0.0000	0.0000
0.5833	0.0000	0.4167	0.0000
0.0000	0.9999	0.0000	0.0000
0.9999	0.0000	0.0000	0.0000
0.0000	0.0000	0.9999	0.0000
0.6250	0.3750	0.0000	0.0000
0.4791	0.1042	0.0000	0.4167
0.1042	0.0000	0.3542	0.5416
>GimmeMotifs_9
0.0010	0.0010	0.9320	0.0660
0.0010	0.9970	0.0010	0.0010
0.0010	0.9290	0.0010	0.0690
0.0010	0.0010	0.9970	0.0010
0.0010	0.6110	0.0010	0.3870
0.0010	0.0010	0.0010	0.9970
>GimmeMotifs_10
0.1260	0.0520	0.0660	0.7560
0.0900	0.0400	0.7760	0.0940
0.0170	0.1720	0.0330	0.7780
0.0330	0.0850	0.0260	0.8560
0.0360	0.0790	0.6210	0.2640
0.1220	0.1390	0.5910	0.1480
0.1010	0.8450	0.0290	0.0250
0.7870	0.0560	0.0770	0.0800
>GimmeMotifs_11
0.0009	0.0000	0.9991	0.0000
0.0221	0.0230	0.9544	0.0005
0.0000	1.0000	0.0000	0.0000
0.9986	0.0000	0.0000	0.0014
0.0000	0.0000	1.0000	0.0000
0.0169	0.9473	0.0188	0.0169
>GimmeMotifs_12
0.0000	0.9999	0.0000	0.0000
0.3043	0.5217	0.0000	0.1739
0.0870	0.2609	0.0870	0.5652
0.2609	0.1305	0.2609	0.3478
0.0435	0.9129	0.0435	0.0000
0.0000	0.9999	0.0000	0.0000
0.0870	0.0000	0.0000	0.9129
0.0000	0.1305	0.2174	0.6521
0.0000	0.8695	0.0000	0.1305
0.0435	0.0000	0.0000	0.9564
0.0000	0.0435	0.9564	0.0000
0.0000	0.5652	0.0435	0.3913
>GimmeMotifs_13
0.2308	0.6153	0.0000	0.1539
0.3590	0.0000	0.0000	0.6410
0.0000	0.0257	0.6923	0.2820
0.4102	0.2308	0.3590	0.0000
0.7179	0.0769	0.0000	0.2051
0.6923	0.0000	0.2820	0.0257
0.7179	0.1539	0.0513	0.0769
0.5641	0.0000	0.0769	0.3590
0.1026	0.7948	0.1026	0.0000
0.5897	0.2564	0.0257	0.1282
0.4872	0.2051	0.2308	0.0769
0.6923	0.0257	0.2051	0.0769
0.1795	0.1795	0.4615	0.1795
0.1539	0.7692	0.0769	0.0000
0.2308	0.1539	0.0000	0.6153
0.1026	0.0513	0.8205	0.0257
0.0000	0.0513	0.0000	0.9486
0.0000	0.1795	0.4102	0.4102
0.1026	0.0257	0.0000	0.8717
0.0769	0.0257	0.4102	0.4872
>GimmeMotifs_14
0.0910	0.9089	0.0001	0.0001
0.0001	0.9089	0.0910	0.0001
0.9089	0.0910	0.0001	0.0001
0.0001	0.9997	0.0001	0.0001
0.7271	0.0001	0.0001	0.2727
0.0001	0.0001	0.9997	0.0001
0.0001	0.0001	0.0001	0.9997
0.0001	0.4545	0.2727	0.2727
0.0001	0.0001	0.0001	0.9997
0.0001	0.0001	0.9997	0.0001
>GimmeMotifs_15
0.5610	0.2650	0.1450	0.0290
0.7660	0.0010	0.2040	0.0290
0.4705	0.0010	0.2927	0.2358
0.2650	0.5000	0.0010	0.2340
0.5560	0.0010	0.0010	0.4420
0.1470	0.2070	0.6450	0.0010
0.7380	0.0290	0.1460	0.0870
0.8520	0.1170	0.0300	0.0010
0.8250	0.0010	0.0870	0.0870
0.1760	0.0290	0.4740	0.3210
0.3796	0.3536	0.0290	0.2378
0.0010	0.0010	0.0010	0.9970
0.0010	0.2930	0.7050	0.0010
0.0010	0.2660	0.0010	0.7320
>GimmeMotifs_16
0.0010	0.0010	0.9970	0.0010
0.0010	0.9970	0.0010	0.0010
0.2370	0.7610	0.0010	0.0010
0.9970	0.0010	0.0010	0.0010
0.9970	0.0010	0.0010	0.0010
0.8870	0.1110	0.0010	0.0010
>GimmeMotifs_17
0.0010	0.1180	0.6350	0.2460
0.1380	0.0010	0.0010	0.8600
0.2500	0.1190	0.3930	0.2380
0.1490	0.1280	0.0010	0.7220
0.6240	0.0010	0.0010	0.3740
0.4960	0.0010	0.1190	0.3840
0.2587	0.1289	0.1189	0.4935
0.0010	0.8520	0.1460	0.0010
0.8720	0.0010	0.0090	0.1180
0.4960	0.0010	0.5020	0.0010
0.8710	0.0010	0.1270	0.0010
0.7440	0.0010	0.2460	0.0090
0.0010	0.3940	0.6040	0.0010
0.2360	0.7620	0.0010	0.0010
0.6330	0.1180	0.0010	0.2480
0.5120	0.0010	0.4860	0.0010
>GimmeMotifs_18
0.1190	0.0420	0.6460	0.1930
0.3020	0.6190	0.0780	0.0010
0.3400	0.5920	0.0390	0.0290
0.9970	0.0010	0.0010	0.0010
0.8020	0.0390	0.1570	0.0020
0.7780	0.1050	0.0400	0.0770
0.0010	0.0010	0.0770	0.9210
0.2320	0.0390	0.6510	0.0780
0.8410	0.0390	0.0790	0.0410
0.0780	0.7360	0.1470	0.0390
>GimmeMotifs_19
0.0160	0.1090	0.1410	0.7340
0.0579	0.1289	0.4715	0.3417
0.6130	0.1040	0.1970	0.0860
0.1419	0.4426	0.2288	0.1868
0.2150	0.0340	0.1540	0.5970
0.2050	0.5100	0.1860	0.0990
0.6230	0.1280	0.1220	0.1270
>GimmeMotifs_20
0.9030	0.0010	0.0950	0.0010
0.7970	0.1060	0.0960	0.0010
0.8070	0.0010	0.0010	0.1910
0.1920	0.0200	0.0960	0.6920
0.9030	0.0950	0.0010	0.0010
0.0010	0.0010	0.0010	0.9970
0.0960	0.0010	0.0960	0.8070
0.0960	0.0100	0.1920	0.7020
0.1920	0.5200	0.0010	0.2870
0.1920	0.1060	0.0960	0.6060
0.0960	0.0960	0.0010	0.8070
0.0960	0.8070	0.0010	0.0960
0.0950	0.0010	0.0010	0.9030
0.0010	0.2870	0.7020	0.0100
0.2870	0.0010	0.0960	0.6160
0.3830	0.0010	0.0960	0.5200
>GimmeMotifs_21
0.2188	0.7187	0.0000	0.0625
0.1563	0.0000	0.3437	0.5000
0.0000	0.2188	0.5937	0.1875
0.0000	0.7812	0.0938	0.1250
0.3437	0.0938	0.0000	0.5625
0.0938	0.0938	0.6562	0.1563
0.0938	0.1250	0.4062	0.3750
0.0313	0.1250	0.4375	0.4062
0.0000	0.6562	0.0313	0.3125
0.1250	0.0625	0.2500	0.5625
0.0000	0.0000	0.5625	0.4375
0.0938	0.0000	0.8437	0.0625
0.0938	0.2188	0.5937	0.0938
0.3750	0.0000	0.2188	0.4062
0.6250	0.0000	0.3437	0.0313
0.0313	0.0000	0.9687	0.0000
0.0938	0.7187	0.1875	0.0000
0.6562	0.0313	0.0000	0.3125
0.1250	0.0313	0.8124	0.0313
0.3125	0.2500	0.4375	0.0000
>GimmeMotifs_22
0.0001	0.0001	0.7775	0.2222
0.0001	0.5554	0.0001	0.4444
0.0001	0.1112	0.0001	0.8886
0.0001	0.0001	0.0001	0.9997
0.2222	0.3333	0.0001	0.4444
0.1112	0.7775	0.0001	0.1112
0.6665	0.3333	0.0001	0.0001
0.9997	0.0001	0.0001	0.0001
0.6665	0.1112	0.2222	0.0001
0.0001	0.2222	0.1112	0.6665
0.3333	0.0001	0.1112	0.5554
0.0001	0.4444	0.2222	0.3333
0.0001	0.9997	0.0001	0.0001
0.0001	0.8886	0.1112	0.0001
0.3333	0.0001	0.0001	0.6665
0.0001	0.2222	0.0001	0.7775
0.0001	0.8886	0.1112	0.0001
0.0001	0.0001	0.0001	0.9997
0.1112	0.0001	0.6665	0.2222
0.0001	0.1112	0.0001	0.8886
>GimmeMotifs_23
0.0001	0.8568	0.0001	0.1429
0.4285	0.0001	0.0001	0.5712
0.0001	0.2857	0.0001	0.7140
0.0001	0.8568	0.0001	0.1429
0.0001	0.0001	0.0001	0.9996
0.0001	0.0001	0.9996	0.0001
0.0001	0.5712	0.0001	0.4285
0.0001	0.0001	0.0001	0.9996
0.0001	0.9996	0.0001	0.0001
0.1429	0.2857	0.0001	0.5712
0.1429	0.2857	0.1429	0.4285
0.0001	0.2857	0.2857	0.4285
0.1429	0.8568	0.0001	0.0001
0.2857	0.7140	0.0001	0.0001
0.2857	0.2857	0.1429	0.2857
0.2857	0.0001	0.0001	0.7140
0.0001	0.5712	0.1429	0.2857
0.0001	0.0001	0.0001	0.9996
0.0001	0.0001	0.9996	0.0001
0.0001	0.1429	0.0001	0.8568
