>GimmeMotifs_1
0.0000	0.0000	0.0000	1.0000
0.2968	0.7032	0.0000	0.0000
0.0000	0.0000	0.0000	1.0000
0.0000	0.0000	0.9960	0.0040
0.0000	0.0000	0.0000	1.0000
0.1474	0.2211	0.2988	0.3327
>GimmeMotifs_2
0.1941	0.0000	0.0000	0.8059
0.2340	0.0000	0.3059	0.4601
0.0000	0.0000	0.0000	1.0000
0.1888	0.1543	0.2793	0.3777
0.0000	0.0000	0.0000	1.0000
0.2447	0.0027	0.0000	0.7526
0.3511	0.2500	0.0000	0.3989
0.3750	0.2367	0.0000	0.3883
0.0000	0.0000	0.0000	1.0000
0.3378	0.1835	0.0000	0.4787
>GimmeMotifs_3
0.2642	0.2323	0.1800	0.3235
0.0000	0.0000	0.0000	1.0000
0.4374	0.0000	0.5626	0.0000
0.0000	0.0000	0.0000	1.0000
0.0000	0.0000	0.0000	1.0000
0.0000	0.0000	0.0000	1.0000
0.2460	0.3189	0.0000	0.4351
0.2916	0.3030	0.0000	0.4055
>GimmeMotifs_4
0.5570	0.0000	0.1459	0.2971
0.7586	0.0000	0.0000	0.2414
1.0000	0.0000	0.0000	0.0000
0.2387	0.0000	0.0000	0.7613
0.7161	0.0027	0.0000	0.2812
0.8514	0.1088	0.0000	0.0398
1.0000	0.0000	0.0000	0.0000
0.4615	0.2095	0.0000	0.3289
>GimmeMotifs_5
0.2712	0.0000	0.1921	0.5367
0.0000	0.0000	0.0000	1.0000
0.3333	0.0000	0.0000	0.6667
0.4463	0.0000	0.0621	0.4915
0.4407	0.0000	0.0000	0.5593
0.3672	0.1667	0.0000	0.4661
0.3757	0.0000	0.0000	0.6243
0.0000	0.0000	0.0000	1.0000
0.5396	0.4604	0.0000	0.0000
