>GimmeMotifs_1
0.0814	0.5440	0.3356	0.0390
0.1077	0.8516	0.0109	0.0298
0.7969	0.0017	0.0272	0.1742
0.0722	0.0064	0.3784	0.5430
0.1311	0.7769	0.0342	0.0578
0.0431	0.0026	0.0097	0.9446
0.0007	0.0265	0.9707	0.0021
>GimmeMotifs_2
0.2999	0.0005	0.2251	0.4746
0.0005	0.0005	0.6242	0.3748
0.6243	0.0753	0.1502	0.1502
0.0005	0.0005	0.9985	0.0005
0.0005	0.9736	0.0005	0.0254
0.4496	0.3498	0.0005	0.2001
0.3997	0.0254	0.2999	0.2749
0.3248	0.4995	0.0005	0.1751
0.0005	0.0005	0.2251	0.7739
0.0005	0.0753	0.9237	0.0005
0.0005	0.1252	0.4247	0.4496
0.1252	0.4496	0.0005	0.4247
>GimmeMotifs_3
0.0010	0.9970	0.0010	0.0010
0.7870	0.0010	0.0010	0.2110
0.1050	0.0010	0.8930	0.0010
0.3170	0.6810	0.0010	0.0010
0.2300	0.0010	0.0010	0.7680
0.0010	0.0010	0.5750	0.4230
0.2150	0.1060	0.3370	0.3420
0.6630	0.0010	0.2120	0.1240
0.2300	0.2120	0.5570	0.0010
0.5550	0.0210	0.3180	0.1060
0.2150	0.0190	0.7470	0.0190
0.4484	0.2122	0.2332	0.1061
0.1050	0.8930	0.0010	0.0010
0.7870	0.0010	0.0010	0.2110
0.1050	0.0010	0.8930	0.0010
>GimmeMotifs_4
0.0011	0.3972	0.1566	0.4452
0.0011	0.0690	0.4536	0.4763
0.2755	0.1566	0.5669	0.0011
0.0011	0.0633	0.2501	0.6855
0.2924	0.2245	0.2444	0.2387
0.4989	0.0011	0.0944	0.4056
0.2924	0.0944	0.3857	0.2275
0.0633	0.4168	0.1822	0.3377
0.3972	0.0011	0.0011	0.6007
0.0690	0.0011	0.9289	0.0011
0.0011	0.5074	0.0944	0.3972
0.0916	0.3546	0.0011	0.5527
0.7139	0.0011	0.0690	0.2160
0.5611	0.0322	0.1143	0.2924
0.1312	0.0321	0.0011	0.8356
0.1255	0.0322	0.3914	0.4509
>GimmeMotifs_5
0.2268	0.0010	0.3187	0.4535
0.4525	0.0679	0.2268	0.2527
0.0010	0.7730	0.0010	0.2250
0.7730	0.0010	0.2250	0.0010
0.2460	0.2260	0.4600	0.0680
0.0010	0.0010	0.0010	0.9970
0.0010	0.0010	0.9970	0.0010
0.2260	0.4790	0.0010	0.2940
0.0010	0.9970	0.0010	0.0010
0.0010	0.0010	0.0010	0.9970
0.0010	0.0010	0.9970	0.0010
0.0010	0.5470	0.4510	0.0010
0.2260	0.2270	0.0010	0.5460
0.2260	0.0010	0.7720	0.0010
>GimmeMotifs_6
0.0676	0.2003	0.3992	0.3329
0.6645	0.0013	0.0013	0.3329
0.0013	0.2666	0.3992	0.3329
0.0013	0.4656	0.0013	0.5318
0.0013	0.1339	0.5319	0.3329
0.6645	0.3329	0.0013	0.0013
0.3329	0.0013	0.4656	0.2002
0.0013	0.6645	0.3329	0.0013
0.8635	0.0013	0.0013	0.1339
0.0013	0.5982	0.3992	0.0013
0.3329	0.2003	0.0013	0.4655
0.0013	0.0013	0.3329	0.6645
0.0013	0.0013	0.7308	0.2666
0.0013	0.2003	0.7971	0.0013
0.1339	0.5319	0.0013	0.3329
0.5982	0.3992	0.0013	0.0013
0.7972	0.0013	0.0013	0.2002
0.1339	0.0013	0.7309	0.1339
>GimmeMotifs_7
0.0010	0.0010	0.0010	0.9970
0.0010	0.0010	0.9970	0.0010
0.2540	0.0010	0.6300	0.1150
0.0010	0.0010	0.9970	0.0010
0.0010	0.9970	0.0010	0.0010
0.5160	0.0010	0.4820	0.0010
>GimmeMotifs_8
0.0001	0.0001	0.8665	0.1334
0.0001	0.9998	0.0001	0.0001
0.0001	0.0001	0.0001	0.9998
0.0001	0.0001	0.9998	0.0001
0.1334	0.0001	0.5999	0.2667
0.4000	0.3333	0.2667	0.0001
0.7332	0.0001	0.2667	0.0001
0.9998	0.0001	0.0001	0.0001
0.1334	0.1334	0.5999	0.1334
0.0001	0.2000	0.5999	0.2000
0.0001	0.5999	0.4000	0.0001
0.3333	0.6666	0.0001	0.0001
>GimmeMotifs_9
0.9993	0.0002	0.0002	0.0002
0.0002	0.0002	0.0002	0.9993
0.0002	0.2500	0.2500	0.4998
0.7495	0.2500	0.0002	0.0002
0.9993	0.0002	0.0002	0.0002
0.0002	0.9993	0.0002	0.0002
0.9993	0.0002	0.0002	0.0002
0.0002	0.7495	0.2500	0.0002
0.4998	0.0002	0.0002	0.4998
0.0002	0.0002	0.2500	0.7495
0.2500	0.2500	0.2500	0.2500
0.7495	0.2500	0.0002	0.0002
0.0002	0.0002	0.2500	0.7495
0.0002	0.0002	0.0002	0.9993
0.2500	0.0002	0.4998	0.2500
0.7495	0.0002	0.0002	0.2500
0.0002	0.4998	0.2500	0.2500
0.9993	0.0002	0.0002	0.0002
0.9993	0.0002	0.0002	0.0002
0.0002	0.0002	0.0002	0.9993
>GimmeMotifs_10
0.0000	1.0000	0.0000	0.0000
1.0000	0.0000	0.0000	0.0000
1.0000	0.0000	0.0000	0.0000
0.0000	0.0000	1.0000	0.0000
0.0000	1.0000	0.0000	0.0000
0.0000	1.0000	0.0000	0.0000
1.0000	0.0000	0.0000	0.0000
1.0000	0.0000	0.0000	0.0000
0.0000	1.0000	0.0000	0.0000
1.0000	0.0000	0.0000	0.0000
>GimmeMotifs_11
0.6362	0.0001	0.0001	0.3636
0.0001	0.0001	0.9997	0.0001
0.0001	0.0001	0.9997	0.0001
0.2727	0.0001	0.7271	0.0001
0.0001	0.9997	0.0001	0.0001
0.9997	0.0001	0.0001	0.0001
0.0001	0.1818	0.6362	0.1818
0.0001	0.9997	0.0001	0.0001
0.8180	0.0001	0.0001	0.1818
0.1818	0.2727	0.0001	0.5453
>GimmeMotifs_12
0.0000	1.0000	0.0000	0.0000
0.2656	0.0000	0.0000	0.7343
0.0000	0.0000	1.0000	0.0000
0.0313	0.3594	0.4687	0.1406
0.0000	0.9375	0.0625	0.0000
0.8281	0.0000	0.0000	0.1719
>GimmeMotifs_13
0.0004	0.0004	0.9988	0.0004
0.0004	0.9988	0.0004	0.0004
0.0004	0.9988	0.0004	0.0004
0.9988	0.0004	0.0004	0.0004
0.5773	0.0004	0.0004	0.4219
0.1779	0.2445	0.2888	0.2888
>GimmeMotifs_14
0.0001	0.0001	0.0001	0.9997
0.0001	0.0001	0.9997	0.0001
0.1001	0.4999	0.3999	0.0001
0.0001	0.9997	0.0001	0.0001
0.2000	0.0001	0.2000	0.5999
0.0001	0.1001	0.7998	0.1001
0.0001	0.9997	0.0001	0.0001
0.0001	0.9997	0.0001	0.0001
0.9997	0.0001	0.0001	0.0001
0.0001	0.3000	0.0001	0.6998
>GimmeMotifs_15
0.1000	0.1000	0.1000	0.7000
0.1000	0.1000	0.7000	0.1000
0.1000	0.7000	0.1000	0.1000
0.1000	0.7000	0.1000	0.1000
0.1000	0.1000	0.1000	0.7000
0.1000	0.1000	0.7000	0.1000
0.1000	0.7000	0.1000	0.1000
0.1000	0.1000	0.1000	0.7000
0.1000	0.1000	0.7000	0.1000
0.1000	0.1000	0.1000	0.7000
0.1000	0.7000	0.1000	0.1000
0.7000	0.1000	0.1000	0.1000
>GimmeMotifs_16
0.0010	0.9970	0.0010	0.0010
0.8170	0.0010	0.0910	0.0910
0.0010	0.0010	0.9970	0.0010
0.0010	0.1810	0.7270	0.0910
0.0010	0.9970	0.0010	0.0010
0.6350	0.0010	0.0010	0.3630
0.0910	0.0010	0.7270	0.1810
0.0910	0.1810	0.0010	0.7270
0.0910	0.7270	0.1810	0.0010
0.0010	0.0900	0.0010	0.9080
0.0010	0.0010	0.9970	0.0010
0.0010	0.0010	0.9080	0.0900
>GimmeMotifs_17
0.6070	0.1230	0.1490	0.1210
0.5750	0.1120	0.1560	0.1570
0.1180	0.1660	0.0920	0.6240
0.0920	0.0880	0.1320	0.6880
0.1460	0.0600	0.2240	0.5700
0.0890	0.1210	0.6540	0.1360
0.0910	0.6160	0.1610	0.1320
0.6660	0.1310	0.0550	0.1480
>GimmeMotifs_18
0.0008	0.2634	0.0008	0.7351
0.4067	0.4859	0.1067	0.0008
0.9407	0.0008	0.0578	0.0008
0.0143	0.0008	0.0008	0.9842
0.0008	0.2371	0.0008	0.7614
0.9321	0.0664	0.0008	0.0008
>GimmeMotifs_19
0.0010	0.5860	0.4120	0.0010
0.8760	0.1220	0.0010	0.0010
0.0120	0.0010	0.9810	0.0060
0.0010	0.0010	0.0010	0.9970
0.0010	0.4120	0.5860	0.0010
0.0010	0.9860	0.0010	0.0120
0.1220	0.8760	0.0010	0.0010
0.4120	0.0010	0.0010	0.5860
0.0010	0.4120	0.5860	0.0010
0.0010	0.9970	0.0010	0.0010
0.0010	0.4120	0.0010	0.5860
0.4120	0.0010	0.5860	0.0010
0.0010	0.0010	0.0050	0.9930
0.0010	0.5860	0.0010	0.4120
0.5740	0.4240	0.0010	0.0010
0.8490	0.1230	0.0270	0.0010
>GimmeMotifs_20
0.7000	0.1000	0.1000	0.1000
0.7000	0.1000	0.1000	0.1000
0.1000	0.7000	0.1000	0.1000
0.1000	0.1000	0.1000	0.7000
0.1000	0.1000	0.7000	0.1000
0.1000	0.1000	0.7000	0.1000
0.1000	0.7000	0.1000	0.1000
0.7000	0.1000	0.1000	0.1000
0.1000	0.1000	0.1000	0.7000
0.7000	0.1000	0.1000	0.1000
0.7000	0.1000	0.1000	0.1000
0.1000	0.1000	0.1000	0.7000
>GimmeMotifs_21
0.9993	0.0002	0.0002	0.0002
0.9993	0.0002	0.0002	0.0002
0.0002	0.0002	0.0002	0.9993
0.0002	0.0002	0.0002	0.9993
0.0002	0.0002	0.0002	0.9993
0.0002	0.0002	0.9993	0.0002
0.0002	0.9993	0.0002	0.0002
0.9993	0.0002	0.0002	0.0002
>GimmeMotifs_22
0.0017	0.5435	0.4531	0.0017
0.4531	0.1823	0.0018	0.3628
0.1823	0.0018	0.0920	0.7239
0.0017	0.0018	0.0018	0.9947
0.0017	0.9948	0.0018	0.0017
0.0017	0.0018	0.0018	0.9947
0.0017	0.0018	0.9948	0.0017
0.0017	0.2726	0.3629	0.3628
0.2726	0.7239	0.0018	0.0017
0.2726	0.0018	0.0018	0.7238
0.0017	0.5434	0.3629	0.0920
0.1823	0.1823	0.3629	0.2726
0.0017	0.0018	0.4531	0.5434
0.3628	0.0018	0.3629	0.2726
0.3628	0.0018	0.0018	0.6336
0.0017	0.4531	0.0920	0.4531
0.1823	0.5433	0.0018	0.2726
0.7239	0.0018	0.1823	0.0920
>GimmeMotifs_23
0.0002	0.9994	0.0002	0.0002
0.3999	0.2000	0.2000	0.2000
0.3999	0.0002	0.5997	0.0002
0.2000	0.3999	0.2000	0.2000
0.0002	0.3999	0.3999	0.2000
0.2000	0.0002	0.0002	0.7996
0.0002	0.2000	0.7996	0.0002
0.9994	0.0002	0.0002	0.0002
0.0002	0.0002	0.9994	0.0002
0.2000	0.7996	0.0002	0.0002
0.3999	0.3999	0.0002	0.2000
0.3999	0.0002	0.0002	0.5997
0.0002	0.9994	0.0002	0.0002
0.0002	0.9994	0.0002	0.0002
0.9994	0.0002	0.0002	0.0002
0.0002	0.0002	0.7996	0.2000
0.0002	0.9994	0.0002	0.0002
0.9994	0.0002	0.0002	0.0002
>GimmeMotifs_24
0.0006	0.6121	0.0006	0.3867
0.5477	0.0006	0.4511	0.0006
0.8373	0.0328	0.1293	0.0006
0.8373	0.1615	0.0006	0.0006
0.0006	0.0006	0.9982	0.0006
0.0006	0.9982	0.0006	0.0006
>GimmeMotifs_25
0.4400	0.1200	0.4000	0.0400
0.0000	0.2800	0.5600	0.1600
0.0800	0.5600	0.2400	0.1200
0.0800	0.9199	0.0000	0.0000
0.7199	0.0000	0.0000	0.2800
0.1200	0.0000	0.8799	0.0000
0.4800	0.0000	0.4000	0.1200
0.0000	0.0000	0.9999	0.0000
0.1600	0.6399	0.0000	0.2000
0.0000	0.9999	0.0000	0.0000
0.8799	0.0000	0.0000	0.1200
0.1200	0.4000	0.4800	0.0000
>GimmeMotifs_26
1.0000	0.0000	0.0000	0.0000
0.0000	0.0000	1.0000	0.0000
0.0000	0.0000	0.0000	1.0000
0.0000	0.0000	1.0000	0.0000
1.0000	0.0000	0.0000	0.0000
1.0000	0.0000	0.0000	0.0000
0.0000	1.0000	0.0000	0.0000
1.0000	0.0000	0.0000	0.0000
1.0000	0.0000	0.0000	0.0000
0.0000	1.0000	0.0000	0.0000
0.0000	0.0000	0.0000	1.0000
0.0000	0.0000	1.0000	0.0000
0.0000	0.0000	1.0000	0.0000
0.5000	0.0000	0.5000	0.0000
1.0000	0.0000	0.0000	0.0000
0.0000	0.0000	0.0000	1.0000
>GimmeMotifs_27
0.3478	0.0435	0.3913	0.2174
0.0870	0.3913	0.5217	0.0000
0.8695	0.0000	0.0000	0.1305
0.0000	0.3043	0.5217	0.1739
0.1739	0.0870	0.0000	0.7390
0.1739	0.2609	0.4782	0.0870
0.4348	0.1739	0.3913	0.0000
0.2609	0.0000	0.6086	0.1305
0.0000	0.9999	0.0000	0.0000
0.6521	0.1739	0.0000	0.1739
0.0000	0.8260	0.1739	0.0000
0.8260	0.0000	0.0000	0.1739
0.0435	0.0870	0.6956	0.1739
0.0870	0.2609	0.3043	0.3478
0.0870	0.6086	0.2609	0.0435
0.0870	0.7825	0.0000	0.1305
0.2174	0.7825	0.0000	0.0000
0.4782	0.0000	0.0000	0.5217
>GimmeMotifs_28
0.7476	0.1256	0.1256	0.0012
0.6854	0.0012	0.0012	0.3122
0.0012	0.0634	0.4366	0.4988
0.0012	0.0012	0.1256	0.8720
0.0012	0.0012	0.8098	0.1878
0.0012	0.3744	0.6232	0.0012
0.2500	0.2500	0.1256	0.3744
0.5610	0.0012	0.2500	0.1878
0.0012	0.2500	0.0012	0.7476
0.0012	0.0012	0.4988	0.4988
0.1878	0.0012	0.7476	0.0634
0.4988	0.3744	0.1256	0.0012
0.0012	0.0012	0.5610	0.4366
0.0012	0.6232	0.0012	0.3744
0.3122	0.0634	0.0634	0.5610
0.0634	0.3122	0.6232	0.0012
