>GimmeMotifs_1
0.3287	0.1831	0.2224	0.2657
0.2657	0.2224	0.3268	0.1850
0.2244	0.1791	0.2598	0.3366
0.3228	0.1594	0.3858	0.1319
0.2756	0.4764	0.2047	0.0433
0.1516	0.8484	0.0000	0.0000
0.8740	0.0000	0.0000	0.1260
0.0000	0.0315	0.5374	0.4311
0.3386	0.6319	0.0276	0.0020
0.0059	0.0000	0.0000	0.9941
0.0000	0.0000	0.9921	0.0079
0.0000	0.2638	0.4075	0.3287
0.0965	0.3661	0.1457	0.3917
0.2736	0.1949	0.1713	0.3602
0.1457	0.3110	0.2402	0.3031
0.1890	0.2815	0.1575	0.3720
>GimmeMotifs_2
0.1255	0.1895	0.5595	0.1255
0.6235	0.1255	0.1255	0.1255
0.4425	0.0530	0.4765	0.0280
0.9060	0.0385	0.0480	0.0075
0.7425	0.1325	0.1125	0.0125
0.0140	0.9525	0.0145	0.0190
0.9875	0.0010	0.0010	0.0105
0.0140	0.0425	0.9090	0.0345
0.7215	0.1435	0.0865	0.0485
0.0415	0.2035	0.0350	0.7200
0.0565	0.0010	0.0705	0.8720
>GimmeMotifs_3
0.1630	0.1630	0.6200	0.0540
0.2700	0.0010	0.0010	0.7280
0.0010	0.2710	0.5650	0.1630
0.6200	0.0540	0.1630	0.1630
0.1630	0.1080	0.7280	0.0010
0.2170	0.1090	0.0540	0.6200
0.0010	0.5490	0.3800	0.0700
0.8760	0.0540	0.0160	0.0540
0.0540	0.5600	0.2710	0.1150
0.7830	0.0010	0.1080	0.1080
0.2730	0.0540	0.6720	0.0010
0.4344	0.4575	0.0541	0.0541
0.1620	0.0010	0.0010	0.8360
0.0010	0.0010	0.9450	0.0530
0.3490	0.1630	0.4340	0.0540
0.0010	0.9450	0.0530	0.0010
0.8890	0.0010	0.0010	0.1090
0.1100	0.0540	0.6730	0.1630
0.2350	0.5420	0.2220	0.0010
0.1630	0.0540	0.0010	0.7820
>GimmeMotifs_4
0.1480	0.0010	0.8500	0.0010
0.0740	0.8510	0.0740	0.0010
0.4466	0.0749	0.0749	0.4036
0.6270	0.2230	0.1490	0.0010
0.9100	0.0010	0.0150	0.0740
0.2230	0.5530	0.2230	0.0010
0.9090	0.0890	0.0010	0.0010
0.0010	0.9240	0.0740	0.0010
0.9240	0.0740	0.0010	0.0010
0.1490	0.0010	0.7010	0.1490
0.0010	0.1490	0.7760	0.0740
0.0010	0.9970	0.0010	0.0010
0.0010	0.0010	0.0010	0.9970
0.0010	0.4030	0.5950	0.0010
>GimmeMotifs_5
0.0000	0.2529	0.3678	0.3793
0.0000	1.0000	0.0000	0.0000
0.0000	0.0000	0.0000	1.0000
0.0000	0.0000	1.0000	0.0000
0.0000	0.3103	0.3908	0.2988
0.0000	1.0000	0.0000	0.0000
0.5862	0.0000	0.0000	0.4138
0.0000	0.0000	1.0000	0.0000
>GimmeMotifs_6
0.0001	0.9998	0.0001	0.0001
0.0001	0.9410	0.0589	0.0001
0.1765	0.0001	0.0001	0.8234
0.0001	0.0001	0.7058	0.2941
0.0001	0.8234	0.0001	0.1765
0.0001	0.2353	0.0001	0.7646
0.0001	0.0001	0.5293	0.4705
0.0001	0.9410	0.0001	0.0589
0.4705	0.5293	0.0001	0.0001
0.0001	0.8822	0.1177	0.0001
0.9998	0.0001	0.0001	0.0001
0.0001	0.1177	0.8234	0.0589
>GimmeMotifs_7
0.2360	0.0010	0.0010	0.7620
0.0010	0.0010	0.8800	0.1180
0.0010	0.0010	0.0010	0.9970
0.1180	0.0010	0.6390	0.2420
0.7620	0.0010	0.0010	0.2360
0.1190	0.1190	0.6430	0.1190
0.0010	0.1180	0.0010	0.8800
0.1180	0.8460	0.0350	0.0010
0.6090	0.1180	0.0010	0.2720
0.1180	0.1180	0.0010	0.7630
0.4895	0.0010	0.2372	0.2723
0.0050	0.0010	0.8760	0.1180
0.0050	0.6380	0.0010	0.3560
0.1180	0.0010	0.0010	0.8800
0.0010	0.1180	0.7630	0.1180
0.6440	0.1180	0.2370	0.0010
>GimmeMotifs_8
0.3740	0.5800	0.0010	0.0450
0.5730	0.0290	0.1270	0.2710
0.1700	0.0010	0.7430	0.0860
0.0890	0.9090	0.0010	0.0010
0.1710	0.0420	0.0860	0.7010
0.0010	0.0570	0.7180	0.2240
>GimmeMotifs_9
0.3730	0.1730	0.2010	0.2530
0.2020	0.3290	0.2780	0.1910
0.2650	0.5120	0.0570	0.1660
0.2480	0.0010	0.0990	0.6520
0.0420	0.1630	0.5240	0.2710
0.0880	0.4840	0.1000	0.3280
0.0630	0.0030	0.0070	0.9270
0.1010	0.1900	0.5640	0.1450
0.1690	0.2370	0.1930	0.4010
0.1490	0.3050	0.2430	0.3030
>GimmeMotifs_10
0.7420	0.1030	0.0520	0.1030
0.8970	0.0010	0.0510	0.0510
0.1090	0.0010	0.8890	0.0010
0.1030	0.8450	0.0510	0.0010
0.8450	0.0010	0.0510	0.1030
0.1030	0.0520	0.7420	0.1030
0.1030	0.1030	0.1540	0.6400
0.0510	0.0010	0.0010	0.9470
0.0010	0.0510	0.8450	0.1030
0.0010	0.0010	0.9970	0.0010
0.1540	0.7870	0.0580	0.0010
0.8450	0.1030	0.0510	0.0010
>GimmeMotifs_11
0.2857	0.0000	0.2500	0.4643
0.0357	0.1786	0.7499	0.0357
0.5357	0.0000	0.0715	0.3928
0.1072	0.2857	0.6071	0.0000
0.3214	0.4285	0.2143	0.0357
0.0000	0.7856	0.0000	0.2143
0.7856	0.1429	0.0715	0.0000
0.0000	0.6785	0.2500	0.0715
0.0000	0.9642	0.0000	0.0357
0.6428	0.0000	0.0000	0.3571
0.0715	0.3928	0.2857	0.2500
0.1429	0.8571	0.0000	0.0000
0.3571	0.0000	0.0000	0.6428
0.0000	0.1429	0.8571	0.0000
0.0000	0.7856	0.1429	0.0715
0.0000	0.0357	0.0000	0.9642
0.0357	0.6071	0.2143	0.1429
0.0000	0.4643	0.1786	0.3571
>GimmeMotifs_12
0.0060	0.2490	0.5570	0.1880
0.6950	0.0610	0.1220	0.1220
0.7440	0.2540	0.0010	0.0010
0.6840	0.2490	0.0660	0.0010
0.8770	0.0610	0.0010	0.0610
0.1210	0.0010	0.1880	0.6900
0.0010	0.9380	0.0600	0.0010
0.1820	0.0010	0.0010	0.8160
0.0010	0.0010	0.9380	0.0600
0.0010	0.0010	0.0010	0.9970
0.1220	0.6220	0.1280	0.1280
0.1210	0.0010	0.0010	0.8770
0.0010	0.1830	0.6340	0.1820
0.0610	0.0010	0.0610	0.8770
>GimmeMotifs_13
0.0630	0.0740	0.8070	0.0560
0.0470	0.1290	0.5530	0.2710
0.0470	0.9510	0.0010	0.0010
0.1100	0.0010	0.0230	0.8660
0.0010	0.0510	0.8970	0.0510
0.0010	0.9970	0.0010	0.0010
>GimmeMotifs_14
0.3953	0.6046	0.0000	0.0000
0.5504	0.0000	0.0000	0.4496
0.0000	0.0000	1.0000	0.0000
0.0000	1.0000	0.0000	0.0000
0.4651	0.0000	0.0000	0.5349
0.0000	0.4496	0.5504	0.0000
0.6589	0.0000	0.0000	0.3411
0.0000	0.0000	1.0000	0.0000
>GimmeMotifs_15
0.0010	0.9970	0.0010	0.0010
0.3400	0.1060	0.0010	0.5530
0.0100	0.1060	0.8830	0.0010
0.3190	0.5540	0.0010	0.1260
0.0010	0.7770	0.0010	0.2210
0.0010	0.0010	0.0010	0.9970
0.0010	0.2220	0.6710	0.1060
0.0010	0.4340	0.0100	0.5550
0.0010	0.7870	0.0010	0.2110
0.2110	0.0010	0.0010	0.7870
0.0010	0.1060	0.8920	0.0010
0.0010	0.3400	0.3380	0.3210
0.0010	0.7770	0.0010	0.2210
0.4690	0.2120	0.0010	0.3180
0.1160	0.0010	0.3190	0.5640
0.2220	0.5520	0.2250	0.0010
0.4244	0.1161	0.1161	0.3433
0.3500	0.0010	0.5430	0.1060
0.1160	0.3390	0.2220	0.3230
0.1160	0.6600	0.1180	0.1060
>GimmeMotifs_16
0.0667	0.8999	0.0334	0.0000
0.1333	0.0667	0.0000	0.7999
0.0667	0.0000	0.5333	0.4000
0.0000	0.9999	0.0000	0.0000
0.0334	0.5333	0.0000	0.4333
0.2333	0.1000	0.3000	0.3667
0.0000	0.0334	0.2000	0.7666
0.0000	0.3000	0.5666	0.1333
0.1000	0.0334	0.1333	0.7333
0.0000	0.0667	0.7999	0.1333
0.0334	0.3000	0.6666	0.0000
0.1667	0.2667	0.3000	0.2667
0.0000	0.0667	0.0334	0.8999
0.1333	0.0000	0.8666	0.0000
0.1000	0.2667	0.4333	0.2000
0.0667	0.4666	0.0667	0.4000
0.2667	0.0000	0.3000	0.4333
0.1667	0.0000	0.8333	0.0000
0.2000	0.1000	0.6666	0.0334
0.7999	0.2000	0.0000	0.0000
>GimmeMotifs_17
0.3171	0.3902	0.2927	0.0000
0.0000	0.0000	0.0000	0.9999
0.0000	0.0000	0.9999	0.0000
0.9999	0.0000	0.0000	0.0000
0.0000	0.5609	0.4390	0.0000
0.0000	0.0000	0.0000	0.9999
0.0000	0.9999	0.0000	0.0000
0.9999	0.0000	0.0000	0.0000
0.0000	0.4390	0.2439	0.3171
>GimmeMotifs_18
0.0000	0.1212	0.8787	0.0000
0.9393	0.0000	0.0606	0.0000
0.5151	0.0000	0.3030	0.1818
0.0000	0.0000	0.9999	0.0000
0.1818	0.5151	0.3030	0.0000
0.5151	0.0000	0.0000	0.4848
0.0000	0.0000	0.9999	0.0000
0.0000	0.6363	0.3636	0.0000
0.0000	0.9999	0.0000	0.0000
0.9999	0.0000	0.0000	0.0000
>GimmeMotifs_19
0.0001	0.9443	0.0556	0.0001
0.9998	0.0001	0.0001	0.0001
0.0001	0.0001	0.9998	0.0001
0.1667	0.4444	0.3333	0.0556
0.0556	0.9443	0.0001	0.0001
0.4999	0.0556	0.0001	0.4444
0.0001	0.7221	0.0001	0.2778
0.0001	0.9998	0.0001	0.0001
0.9998	0.0001	0.0001	0.0001
0.0001	0.3333	0.6666	0.0001
0.4444	0.4999	0.0001	0.0556
0.7777	0.2222	0.0001	0.0001
