>GimmeMotifs_1
0.2562	0.1655	0.2313	0.3469
0.5261	0.0045	0.4626	0.0068
0.3016	0.3900	0.3084	0.0000
0.0000	1.0000	0.0000	0.0000
1.0000	0.0000	0.0000	0.0000
0.0000	0.0000	0.5760	0.4240
0.5170	0.4830	0.0000	0.0000
0.0000	0.0136	0.0000	0.9864
0.0000	0.0000	1.0000	0.0000
0.0000	0.2902	0.4263	0.2834
0.1293	0.3152	0.0816	0.4739
0.2653	0.2222	0.1882	0.3243
0.1859	0.2313	0.2041	0.3787
0.1973	0.2313	0.2177	0.3537
0.2494	0.1905	0.2245	0.3356
0.3288	0.1723	0.1905	0.3084
0.2517	0.2358	0.2268	0.2857
0.3265	0.1791	0.2041	0.2902
>GimmeMotifs_2
0.1280	0.0430	0.0430	0.7860
0.0430	0.2640	0.0430	0.6500
0.1780	0.0430	0.2130	0.5660
0.0010	0.6920	0.0010	0.3060
0.1360	0.6500	0.0430	0.1710
0.7440	0.1280	0.0430	0.0850
0.2640	0.0850	0.6080	0.0430
0.3564	0.0851	0.3453	0.2132
0.0500	0.7790	0.1700	0.0010
0.3500	0.0010	0.0010	0.6480
0.0430	0.0430	0.7860	0.1280
0.0430	0.6080	0.0850	0.2640
0.0010	0.2550	0.0010	0.7430
0.0010	0.0420	0.2130	0.7440
0.1708	0.4016	0.2557	0.1718
0.0010	0.9920	0.0010	0.0060
0.6940	0.0430	0.0500	0.2130
0.2130	0.0420	0.7440	0.0010
0.9150	0.0420	0.0420	0.0010
0.4875	0.0430	0.2987	0.1708
>GimmeMotifs_3
0.4998	0.0002	0.0002	0.4998
0.0002	0.7495	0.2500	0.0002
0.0002	0.9993	0.0002	0.0002
0.0002	0.9993	0.0002	0.0002
0.9993	0.0002	0.0002	0.0002
0.0002	0.0002	0.0002	0.9993
0.0002	0.9993	0.0002	0.0002
0.0002	0.0002	0.0002	0.9993
0.0002	0.0002	0.9993	0.0002
0.0002	0.0002	0.0002	0.9993
0.0002	0.0002	0.9993	0.0002
0.9993	0.0002	0.0002	0.0002
0.0002	0.9993	0.0002	0.0002
0.0002	0.0002	0.0002	0.9993
>GimmeMotifs_4
0.7340	0.0880	0.0730	0.1050
0.7870	0.0540	0.1010	0.0580
0.7550	0.0980	0.0980	0.0490
0.7190	0.0780	0.0910	0.1120
0.0840	0.7070	0.0970	0.1120
0.8260	0.0710	0.0200	0.0830
0.1900	0.6700	0.0770	0.0630
0.9160	0.0150	0.0200	0.0490
0.0840	0.0730	0.6950	0.1480
0.1740	0.7240	0.0680	0.0340
0.1390	0.0440	0.0440	0.7730
0.1360	0.0490	0.6940	0.1210
>GimmeMotifs_5
0.3043	0.2174	0.4348	0.0435
0.1305	0.7390	0.0000	0.1305
0.5217	0.0000	0.0000	0.4782
0.0000	0.0870	0.9129	0.0000
0.0435	0.5652	0.0000	0.3913
0.0000	0.3043	0.0000	0.6956
0.1305	0.0000	0.2609	0.6086
0.0000	0.2609	0.7390	0.0000
0.1305	0.8695	0.0000	0.0000
0.9999	0.0000	0.0000	0.0000
0.4782	0.0000	0.5217	0.0000
0.6521	0.0435	0.3043	0.0000
0.4348	0.0000	0.4782	0.0870
0.5217	0.3043	0.0000	0.1739
0.2609	0.1305	0.2609	0.3478
0.3913	0.1305	0.2174	0.2609
0.0435	0.7390	0.2174	0.0000
0.9129	0.0000	0.0000	0.0870
0.0000	0.1739	0.7825	0.0435
0.5652	0.4348	0.0000	0.0000
>GimmeMotifs_6
0.0729	0.2035	0.2938	0.4298
0.0305	0.4646	0.2797	0.2252
0.0098	0.9630	0.0076	0.0196
0.3319	0.0033	0.0011	0.6638
0.0044	0.0435	0.9206	0.0316
0.0239	0.3634	0.4472	0.1654
0.0000	0.9793	0.0174	0.0033
0.4124	0.0033	0.0076	0.5767
0.0000	0.2437	0.6409	0.1153
>GimmeMotifs_7
0.9998	0.0001	0.0001	0.0001
0.2500	0.0001	0.6665	0.0834
0.1667	0.7498	0.0834	0.0001
0.9998	0.0001	0.0001	0.0001
0.0001	0.0001	0.3333	0.6665
0.0001	0.6665	0.2500	0.0834
0.0834	0.5832	0.0834	0.2500
0.0834	0.0001	0.0001	0.9164
0.0001	0.0001	0.9164	0.0834
0.0834	0.2500	0.6665	0.0001
0.0001	0.6665	0.0001	0.3333
0.0834	0.0834	0.0834	0.7498
0.0834	0.9164	0.0001	0.0001
0.0001	0.0001	0.0834	0.9164
0.0001	0.0001	0.9164	0.0834
0.0001	0.6665	0.2500	0.0834
0.4166	0.2500	0.0001	0.3333
0.6665	0.0001	0.3333	0.0001
0.3333	0.4999	0.0834	0.0834
0.0001	0.8331	0.0001	0.1667
>GimmeMotifs_8
0.4040	0.0190	0.5760	0.0010
0.8270	0.1530	0.0010	0.0190
0.1340	0.0010	0.0010	0.8640
0.0010	0.9970	0.0010	0.0010
0.0010	0.0010	0.0010	0.9970
0.0010	0.5770	0.2690	0.1530
0.0010	0.0010	0.1340	0.8640
0.0010	0.0010	0.0010	0.9970
0.0010	0.8640	0.0010	0.1340
0.0010	0.8640	0.0010	0.1340
0.8640	0.1340	0.0010	0.0010
0.9970	0.0010	0.0010	0.0010
0.0010	0.1340	0.8640	0.0010
0.7300	0.0010	0.0010	0.2680
>GimmeMotifs_9
0.0010	0.7930	0.2050	0.0010
0.8480	0.0010	0.0010	0.1500
0.0010	0.0010	0.9970	0.0010
0.2170	0.5240	0.1420	0.1170
0.1950	0.4090	0.0010	0.3950
0.0640	0.0010	0.4890	0.4460
0.0010	0.3000	0.5700	0.1290
0.1200	0.4880	0.0010	0.3910
>GimmeMotifs_10
0.1541	0.5543	0.1074	0.1841
0.0582	0.0173	0.0010	0.9236
0.0010	0.0029	0.9914	0.0048
0.0278	0.7506	0.1793	0.0422
0.0121	0.9527	0.0141	0.0211
0.9143	0.0010	0.0320	0.0527
0.6285	0.0195	0.3184	0.0336
>GimmeMotifs_11
0.0000	1.0000	0.0000	0.0000
0.6017	0.0000	0.0000	0.3983
0.0000	0.0000	0.5678	0.4322
0.0000	1.0000	0.0000	0.0000
0.0000	0.0000	0.0000	1.0000
0.0000	0.7542	0.2458	0.0000
0.0000	0.0000	0.0000	1.0000
0.0000	0.3136	0.6864	0.0000
>GimmeMotifs_12
0.2195	0.6097	0.0854	0.0854
0.0000	0.0000	0.0000	1.0000
0.0000	0.0976	0.8170	0.0854
0.0610	0.0732	0.0000	0.8658
0.0000	0.0000	0.6829	0.3171
0.0000	0.1098	0.5000	0.3902
0.0000	1.0000	0.0000	0.0000
0.1707	0.0732	0.0000	0.7561
0.0000	0.0610	0.4390	0.5000
0.0000	0.7561	0.0000	0.2439
0.1220	0.0000	0.0366	0.8414
0.0122	0.1220	0.7073	0.1585
>GimmeMotifs_13
0.0010	0.0050	0.1770	0.8170
0.6730	0.0010	0.3250	0.0010
0.6730	0.0010	0.0010	0.3250
0.4690	0.0010	0.0010	0.5290
0.0010	0.6460	0.0010	0.3520
0.9970	0.0010	0.0010	0.0010
>GimmeMotifs_14
0.0000	0.0000	1.0000	0.0000
0.0000	0.0000	0.0000	1.0000
0.0000	0.0000	1.0000	0.0000
0.0000	0.0000	0.0000	1.0000
0.0000	1.0000	0.0000	0.0000
0.0000	0.0000	0.0000	1.0000
0.0000	0.0000	1.0000	0.0000
0.0000	0.0000	0.0000	1.0000
0.0000	0.0000	0.0000	1.0000
0.0000	1.0000	0.0000	0.0000
0.0000	0.0000	0.0000	1.0000
0.0000	1.0000	0.0000	0.0000
1.0000	0.0000	0.0000	0.0000
0.0000	0.0000	1.0000	0.0000
0.0000	1.0000	0.0000	0.0000
1.0000	0.0000	0.0000	0.0000
1.0000	0.0000	0.0000	0.0000
0.5000	0.0000	0.5000	0.0000
>GimmeMotifs_15
0.1430	0.0960	0.5250	0.2360
0.0010	0.8130	0.0930	0.0930
0.1400	0.0010	0.1400	0.7190
0.7600	0.0500	0.1430	0.0470
0.0960	0.0930	0.0470	0.7640
0.9040	0.0010	0.0020	0.0930
0.7130	0.0010	0.0010	0.2850
0.0010	0.0010	0.0460	0.9520
0.0470	0.0470	0.1870	0.7190
0.9030	0.0010	0.0010	0.0950
0.7660	0.1400	0.0470	0.0470
0.9060	0.0010	0.0920	0.0010
0.1860	0.8110	0.0010	0.0020
0.7630	0.1400	0.0010	0.0960
>GimmeMotifs_16
0.0000	0.0000	0.0000	0.9999
0.0000	0.0000	0.0000	0.9999
0.0000	0.0000	0.0000	0.9999
0.0000	0.0000	0.9999	0.0000
0.0000	0.0000	0.0000	0.9999
0.0000	0.0000	0.0000	0.9999
0.0000	0.0000	0.0000	0.9999
0.0000	0.0000	0.2553	0.7446
>GimmeMotifs_17
0.1180	0.6440	0.2370	0.0010
0.8680	0.0010	0.0010	0.1300
0.1180	0.0010	0.8800	0.0010
0.6180	0.3800	0.0010	0.0010
0.0010	0.0010	0.0010	0.9970
0.2620	0.0010	0.7360	0.0010
0.0010	0.8800	0.1180	0.0010
0.7620	0.0010	0.2360	0.0010
0.2360	0.0010	0.7620	0.0010
0.6440	0.1180	0.2370	0.0010
0.0010	0.1180	0.2370	0.6440
0.4990	0.0010	0.4990	0.0010
0.0010	0.9970	0.0010	0.0010
0.8800	0.0010	0.1180	0.0010
0.1180	0.0010	0.8800	0.0010
0.8690	0.0120	0.0010	0.1180
0.0120	0.2370	0.0010	0.7500
0.0010	0.0010	0.9970	0.0010
>GimmeMotifs_18
0.3410	0.0010	0.6570	0.0010
0.7070	0.2910	0.0010	0.0010
0.0010	0.0010	0.9970	0.0010
0.2910	0.7070	0.0010	0.0010
0.9530	0.0450	0.0010	0.0010
0.0010	0.2910	0.7070	0.0010
0.9970	0.0010	0.0010	0.0010
0.9970	0.0010	0.0010	0.0010
0.0010	0.0010	0.9970	0.0010
0.0460	0.0230	0.9300	0.0010
0.0010	0.9970	0.0010	0.0010
0.0230	0.0500	0.0270	0.9000
>GimmeMotifs_19
0.0010	0.0120	0.4810	0.5060
0.0010	0.4990	0.0010	0.4990
0.0010	0.0010	0.0010	0.9970
0.0010	0.9970	0.0010	0.0010
0.2620	0.0010	0.1180	0.6190
0.4810	0.0010	0.3930	0.1250
0.2490	0.1250	0.6250	0.0010
0.1430	0.4940	0.3620	0.0010
0.9970	0.0010	0.0010	0.0010
0.2560	0.0010	0.7420	0.0010
0.5190	0.2370	0.2430	0.0010
0.7320	0.0010	0.0120	0.2550
0.3740	0.1500	0.4750	0.0010
0.5240	0.0010	0.4740	0.0010
0.2670	0.0010	0.0010	0.7310
0.1250	0.2690	0.4750	0.1310
